@end_to_end_avg: 20317962

@end_to_end_hist: 
[20050000, 20100000)       6 |                                                    |
[20100000, 20150000)     194 |@@@@@                                               |
[20150000, 20200000)     564 |@@@@@@@@@@@@@@@                                     |
[20200000, 20250000)    1017 |@@@@@@@@@@@@@@@@@@@@@@@@@@@@                        |
[20250000, 20300000)    1847 |@@@@@@@@@@@@@@@@@@@@@@@@@@@@@@@@@@@@@@@@@@@@@@@@@@@@|
[20300000, 20350000)    1339 |@@@@@@@@@@@@@@@@@@@@@@@@@@@@@@@@@@@@@               |
[20350000, 20400000)     271 |@@@@@@@                                             |
[20400000, 20450000)      74 |@@                                                  |
[20450000, 20500000)      81 |@@                                                  |
[20500000, 20550000)      56 |@                                                   |
[20550000, 20600000)      38 |@                                                   |
[20600000, 20650000)      51 |@                                                   |
[20650000, 20700000)      68 |@                                                   |
[20700000, 20750000)      89 |@@                                                  |
[20750000, 20800000)      66 |@                                                   |
[20800000, 20850000)      42 |@                                                   |
[20850000, 20900000)      36 |@                                                   |
[20900000, 20950000)      25 |                                                    |
[20950000, 21000000)      17 |                                                    |
[21000000, 21050000)      15 |                                                    |
[21050000, 21100000)      10 |                                                    |
[21100000, 21150000)       8 |                                                    |
[21150000, 21200000)       9 |                                                    |
[21200000, 21250000)       6 |                                                    |
[21250000, 21300000)       1 |                                                    |
[21300000, 21350000)       1 |                                                    |
[21350000, 21400000)       1 |                                                    |
[21400000, 21450000)       0 |                                                    |
[21450000, 21500000)       0 |                                                    |
[21500000, 21550000)       1 |                                                    |
[21550000, 21600000)       1 |                                                    |
[21600000, 21650000)       0 |                                                    |
[21650000, 21700000)       0 |                                                    |
[21700000, 21750000)       0 |                                                    |
[21750000, 21800000)       0 |                                                    |
[21800000, 21850000)       0 |                                                    |
[21850000, 21900000)       0 |                                                    |
[21900000, 21950000)       0 |                                                    |
[21950000, 22000000)       0 |                                                    |
[22000000, 22050000)       0 |                                                    |
[22050000, 22100000)       0 |                                                    |
[22100000, 22150000)       0 |                                                    |
[22150000, 22200000)       0 |                                                    |
[22200000, 22250000)       0 |                                                    |
[22250000, 22300000)       1 |                                                    |
[22300000, 22350000)       0 |                                                    |
[22350000, 21875K)       0 |                                                    |
[21875K, 22450000)       0 |                                                    |
[22450000, 22500000)       0 |                                                    |
[22500000, 22550000)       0 |                                                    |
[22550000, 22600000)       0 |                                                    |
[22600000, 22650000)       0 |                                                    |
[22650000, 22700000)       0 |                                                    |
[22700000, 22750000)       0 |                                                    |
[22750000, 22800000)       1 |                                                    |
[22800000, 22850000)       0 |                                                    |
[22850000, 22900000)       0 |                                                    |
[22900000, 22950000)       0 |                                                    |
[22950000, 23000000)       0 |                                                    |
[23000000, 23050000)       0 |                                                    |
[23050000, 23100000)       0 |                                                    |
[23100000, 23150000)       0 |                                                    |
[23150000, 23200000)       0 |                                                    |
[23200000, 23250000)       0 |                                                    |
[23250000, 23300000)       0 |                                                    |
[23300000, 23350000)       0 |                                                    |
[23350000, 23400000)       0 |                                                    |
[23400000, 23450000)       0 |                                                    |
[23450000, 23500000)       0 |                                                    |
[23500000, 23550000)       0 |                                                    |
[23550000, 23600000)       0 |                                                    |
[23600000, 23650000)       0 |                                                    |
[23650000, 23700000)       0 |                                                    |
[23700000, 23750000)       0 |                                                    |
[23750000, 23800000)       0 |                                                    |
[23800000, 23850000)       0 |                                                    |
[23850000, 23900000)       0 |                                                    |
[23900000, 23950000)       0 |                                                    |
[23950000, 24000000)       0 |                                                    |
[24000000, 24050000)       0 |                                                    |
[24050000, 24100000)       0 |                                                    |
[24100000, 24150000)       0 |                                                    |
[24150000, 24200000)       0 |                                                    |
[24200000, 24250000)       1 |                                                    |

@end_to_end_max: 24234510
@end_to_end_min: 20064465
@hiping_avg[27007, ping_pong]: 10081309


@hipong_avg[27007, ping_pong]: 7957

@hipong_end: 345142153077380



@loping_avg[27007, ping_pong]: 10069547


@lopong_avg[27007, ping_pong]: 5291

@lopong_end: 345142153088630


@state[27007]: 0
@time_in_state[5]: 4880
@time_in_state[4]: 7020
@time_in_state[1]: 35822
@time_in_state[0]: 5728869
@time_in_state[3]: 10021699
@time_in_state[2]: 10034430
@time_in_state_by_thread[27005, 0]: 345142216817624
@time_in_state_by_thread[27001, 0]: 345142219077936
@time_in_state_by_thread[26998, 0]: 690284424449133
@time_in_state_by_thread[27004, 0]: 690284433650399
@time_in_state_by_thread[27007, 1]: 2068978864348482
@time_in_state_by_thread[27007, 5]: 4138323532290261
@time_in_state_by_thread[27007, 4]: 4827754420062776
@time_in_state_by_thread[27006, 0]: 16911968499716785
@time_in_state_by_thread[26999, 0]: 17257110733234531
@time_in_state_by_thread[26997, 0]: 18982821814799809
@time_in_state_by_thread[27003, 0]: 25518426910787374
@time_in_state_by_thread[27000, 0]: 26208615443776196
@time_in_state_by_thread[27002, 0]: 58629289223398092
@time_in_state_by_thread[27007, 0]: 2089757493840752268
@time_in_state_by_thread[27007, 2]: 2317633107586168547
@time_in_state_by_thread[27007, 3]: 2677801825823812776
@time_per_state_avg[5]: 4053
@time_per_state_avg[4]: 6743
@time_per_state_avg[1]: 40498
@time_per_state_avg[0]: 198665
@time_per_state_avg[3]: 10037733
@time_per_state_avg[2]: 10046011

@time_per_state_hist[0]: 
[50000, 100000)       59 |@                                                   |
[100000, 150000)     536 |@@@@@@@@@@                                          |
[150000, 200000)    2316 |@@@@@@@@@@@@@@@@@@@@@@@@@@@@@@@@@@@@@@@@@@@         |
[200000, 250000)    2744 |@@@@@@@@@@@@@@@@@@@@@@@@@@@@@@@@@@@@@@@@@@@@@@@@@@@@|
[250000, 300000)     206 |@@@                                                 |
[300000, 350000)      50 |                                                    |
[350000, 400000)      21 |                                                    |
[400000, 450000)       5 |                                                    |

@time_per_state_hist[1]: 
[0, 50000)          5711 |@@@@@@@@@@@@@@@@@@@@@@@@@@@@@@@@@@@@@@@@@@@@@@@@@@@@|
[50000, 100000)      220 |@@                                                  |
[100000, 150000)       4 |                                                    |
[150000, 200000)       1 |                                                    |
[200000, 250000)       1 |                                                    |

@time_per_state_hist[2]: 
[10000000, 10050000)    3344 |@@@@@@@@@@@@@@@@@@@@@@@@@@@@@@@@@@@@@@@@@@@@@@@@@@@@|
[10050000, 10100000)    2589 |@@@@@@@@@@@@@@@@@@@@@@@@@@@@@@@@@@@@@@@@            |
[10100000, 10150000)       3 |                                                    |
[10150000, 10200000)       1 |                                                    |

@time_per_state_hist[3]: 
[10000000, 10050000)    4538 |@@@@@@@@@@@@@@@@@@@@@@@@@@@@@@@@@@@@@@@@@@@@@@@@@@@@|
[10050000, 10100000)    1395 |@@@@@@@@@@@@@@@                                     |
[10100000, 10150000)       3 |                                                    |
[10150000, 10200000)       1 |                                                    |

@time_per_state_hist[4]: 
[0, 50000)          5936 |@@@@@@@@@@@@@@@@@@@@@@@@@@@@@@@@@@@@@@@@@@@@@@@@@@@@|
[50000, 100000)        1 |                                                    |

@time_per_state_hist[5]: 
[0, 50000)          5937 |@@@@@@@@@@@@@@@@@@@@@@@@@@@@@@@@@@@@@@@@@@@@@@@@@@@@|

@time_per_state_max[5]: 25361
@time_per_state_max[4]: 80733
@time_per_state_max[1]: 239859
@time_per_state_max[0]: 449776
@time_per_state_max[2]: 10151561
@time_per_state_max[3]: 10173511
@time_per_state_min[5]: 1740
@time_per_state_min[4]: 2790
@time_per_state_min[1]: 9880
@time_per_state_min[0]: 57513
@time_per_state_min[3]: 10006029
@time_per_state_min[2]: 10008730
@timer_avg[27007, ping_pong]: 42289
