@end_to_end_avg: 20295857

@end_to_end_hist: 
[20050000, 20100000)       1 |                                                    |
[20100000, 20150000)     126 |@@@                                                 |
[20150000, 20200000)     867 |@@@@@@@@@@@@@@@@@@@@@@@                             |
[20200000, 20250000)    1884 |@@@@@@@@@@@@@@@@@@@@@@@@@@@@@@@@@@@@@@@@@@@@@@@@@@@@|
[20250000, 20300000)    1763 |@@@@@@@@@@@@@@@@@@@@@@@@@@@@@@@@@@@@@@@@@@@@@@@@    |
[20300000, 20350000)     422 |@@@@@@@@@@@                                         |
[20350000, 20400000)     190 |@@@@@                                               |
[20400000, 20450000)     127 |@@@                                                 |
[20450000, 20500000)      56 |@                                                   |
[20500000, 20550000)      42 |@                                                   |
[20550000, 20600000)      67 |@                                                   |
[20600000, 20650000)      65 |@                                                   |
[20650000, 20700000)      86 |@@                                                  |
[20700000, 20750000)      76 |@@                                                  |
[20750000, 20800000)      54 |@                                                   |
[20800000, 20850000)      37 |@                                                   |
[20850000, 20900000)      44 |@                                                   |
[20900000, 20950000)      19 |                                                    |
[20950000, 21000000)      14 |                                                    |
[21000000, 21050000)      18 |                                                    |
[21050000, 21100000)       7 |                                                    |
[21100000, 21150000)       3 |                                                    |
[21150000, 21200000)       5 |                                                    |
[21200000, 21250000)       2 |                                                    |
[21250000, 21300000)       0 |                                                    |
[21300000, 21350000)       0 |                                                    |
[21350000, 21400000)       0 |                                                    |
[21400000, 21450000)       0 |                                                    |
[21450000, 21500000)       0 |                                                    |
[21500000, 21550000)       0 |                                                    |
[21550000, 21600000)       0 |                                                    |
[21600000, 21650000)       2 |                                                    |
[21650000, 21700000)       0 |                                                    |
[21700000, 21750000)       0 |                                                    |
[21750000, 21800000)       0 |                                                    |
[21800000, 21850000)       0 |                                                    |
[21850000, 21900000)       0 |                                                    |
[21900000, 21950000)       0 |                                                    |
[21950000, 22000000)       0 |                                                    |
[22000000, 22050000)       0 |                                                    |
[22050000, 22100000)       0 |                                                    |
[22100000, 22150000)       0 |                                                    |
[22150000, 22200000)       0 |                                                    |
[22200000, 22250000)       0 |                                                    |
[22250000, 22300000)       0 |                                                    |
[22300000, 22350000)       0 |                                                    |
[22350000, 21875K)       0 |                                                    |
[21875K, 22450000)       0 |                                                    |
[22450000, 22500000)       1 |                                                    |
[22500000, 22550000)       0 |                                                    |
[22550000, 22600000)       0 |                                                    |
[22600000, 22650000)       0 |                                                    |
[22650000, 22700000)       0 |                                                    |
[22700000, 22750000)       0 |                                                    |
[22750000, 22800000)       0 |                                                    |
[22800000, 22850000)       0 |                                                    |
[22850000, 22900000)       0 |                                                    |
[22900000, 22950000)       0 |                                                    |
[22950000, 23000000)       0 |                                                    |
[23000000, 23050000)       0 |                                                    |
[23050000, 23100000)       0 |                                                    |
[23100000, 23150000)       0 |                                                    |
[23150000, 23200000)       0 |                                                    |
[23200000, 23250000)       0 |                                                    |
[23250000, 23300000)       0 |                                                    |
[23300000, 23350000)       0 |                                                    |
[23350000, 23400000)       0 |                                                    |
[23400000, 23450000)       0 |                                                    |
[23450000, 23500000)       0 |                                                    |
[23500000, 23550000)       0 |                                                    |
[23550000, 23600000)       0 |                                                    |
[23600000, 23650000)       0 |                                                    |
[23650000, 23700000)       0 |                                                    |
[23700000, 23750000)       0 |                                                    |
[23750000, 23800000)       0 |                                                    |
[23800000, 23850000)       0 |                                                    |
[23850000, 23900000)       0 |                                                    |
[23900000, 23950000)       0 |                                                    |
[23950000, 24000000)       0 |                                                    |
[24000000, 24050000)       0 |                                                    |
[24050000, 24100000)       0 |                                                    |
[24100000, 24150000)       1 |                                                    |

@end_to_end_max: 24122049
@end_to_end_min: 20094689
@hiping_avg[12973, ping_pong]: 10099205


@hipong_avg[12972, ping_pong]: 18391

@hipong_end: 346395162271414



@loping_avg[12973, ping_pong]: 10075827


@lopong_avg[12972, ping_pong]: 15632

@lopong_end: 346395172677987


@state[12972]: 0
@state[12973]: 0
@time_in_state[5]: 10990
@time_in_state[4]: 16291
@time_in_state[1]: 45021
@time_in_state[0]: 5430159
@time_in_state[3]: 10026558
@time_in_state[2]: 10042357
@time_in_state_by_thread[12961, 0]: 346395229442397
@time_in_state_by_thread[12968, 0]: 346395231654732
@time_in_state_by_thread[12969, 0]: 346395231681653
@time_in_state_by_thread[12965, 0]: 346395232847654
@time_in_state_by_thread[12972, 5]: 3114996720321828
@time_in_state_by_thread[12972, 4]: 3115123350918266
@time_in_state_by_thread[12972, 1]: 11072788730463493
@time_in_state_by_thread[12963, 0]: 17666156777798172
@time_in_state_by_thread[12960, 0]: 18705342474025137
@time_in_state_by_thread[12970, 0]: 19744528148368788
@time_in_state_by_thread[12967, 0]: 25957449438237078
@time_in_state_by_thread[12964, 0]: 26303844672924797
@time_in_state_by_thread[12966, 0]: 59188601308828088
@time_in_state_by_thread[12973, 0]: 2120188352527007943
@time_in_state_by_thread[12973, 2]: 3018633774977949614
@time_in_state_by_thread[12973, 3]: 3429097959677334860
@time_in_state_by_thread[12972, 0]: 6242536886430988457
@time_per_state_avg[5]: 13487
@time_per_state_avg[4]: 16270
@time_per_state_avg[1]: 45301
@time_per_state_avg[0]: 236322
@time_per_state_avg[3]: 10041427
@time_per_state_avg[2]: 10055483

Overhead per period 
[ 50us, 100us)       2 |                                                    |
[100us, 150us)     122 |@@                                                  |
[150us, 200us)    1012 |@@@@@@@@@@@@@@@@@@@                                 |
[200us, 250us)    2768 |@@@@@@@@@@@@@@@@@@@@@@@@@@@@@@@@@@@@@@@@@@@@@@@@@@@@|
[250us, 300us)    1618 |@@@@@@@@@@@@@@@@@@@@@@@@@@@@@@                      |
[300us, 350us)     403 |@@@@@@@                                             |
[350us, 400us)      41 |                                                    |
[400us, 450us)      11 |                                                    |
[450us, 500us)       1 |                                                    |
[500us, 550us)       1 |                                                    |

@time_per_state_hist[1]: 
[0, 50000)          4985 |@@@@@@@@@@@@@@@@@@@@@@@@@@@@@@@@@@@@@@@@@@@@@@@@@@@@|
[50000, 100000)      991 |@@@@@@@@@@                                          |
[100000, 150000)       1 |                                                    |
[150000, 200000)       1 |                                                    |
[200000, 250000)       0 |                                                    |
[250000, 300000)       1 |                                                    |

@time_per_state_hist[2]: 
[10000000, 10050000)    1754 |@@@@@@@@@@@@@@@@@@@@@                               |
[10050000, 10100000)    4222 |@@@@@@@@@@@@@@@@@@@@@@@@@@@@@@@@@@@@@@@@@@@@@@@@@@@@|
[10100000, 10150000)       2 |                                                    |
[10150000, 10200000)       1 |                                                    |

@time_per_state_hist[3]: 
[10000000, 10050000)    4095 |@@@@@@@@@@@@@@@@@@@@@@@@@@@@@@@@@@@@@@@@@@@@@@@@@@@@|
[10050000, 10100000)    1878 |@@@@@@@@@@@@@@@@@@@@@@@                             |
[10100000, 10150000)       5 |                                                    |
[10150000, 10200000)       1 |                                                    |

@time_per_state_hist[4]: 
[0, 50000)          5976 |@@@@@@@@@@@@@@@@@@@@@@@@@@@@@@@@@@@@@@@@@@@@@@@@@@@@|
[50000, 100000)        3 |                                                    |

@time_per_state_hist[5]: 
[0, 50000)          5979 |@@@@@@@@@@@@@@@@@@@@@@@@@@@@@@@@@@@@@@@@@@@@@@@@@@@@|

@time_per_state_max[5]: 44902
@time_per_state_max[4]: 69903
@time_per_state_max[1]: 253691
@time_per_state_max[0]: 509832
@time_per_state_max[2]: 10165031
@time_per_state_max[3]: 10175628
@time_per_state_min[5]: 4440
@time_per_state_min[4]: 4870
@time_per_state_min[1]: 19461
@time_per_state_min[0]: 96763
@time_per_state_min[3]: 10007261
@time_per_state_min[2]: 10016994
@timer_avg[12972, ping_pong]: 47248